10699901
10699904
10699902
10604054
10604055
10604056
10604057
10604058
10604059
10604060
10604061
10604062
10604063
10604064
10604065
10604066
10604068
10604069
10604070
10604071
10604072
10604073
10604074
10604075
10604076
10604077
10604078
10604079
10604080
10604081
10604082
10604083
10604084
10604085
10604086
10604087
10604088
10604089
10604090
10604091
10604092
10604093
10604094
10604095
10604096
10604097
10604098
10604099
10604100
10604101
10604102
10604103
10604104
10604105
10604106
10604107
10604108
10604110
10604111
10604112
10604113
10604114
10604115
10604116
10604117
10604118
10604119
10604120
10604121
10604122
10604123
10605002
10605003
10605004
10605005
10605006
10605007
10605008
10605009
10605010
10605011
10605012
10605013
10605014
10605015
10605016
10605017
10605018
10605019
10605020
10605021
10605022
10605023
10605024
10605025
10605026
10605027
10605028
10605029
10605030
10605031
10605032
10605033
10605034
10605035
10605036
10605037
10605038
10605039
10605040
10605041
10605042
10605043
10605044
10605045
10605046
10605047
10605048
10607007
10607008
10607009
10607010
10607011
10607012
10607013
10607014
10607015
10607016
10607017
10607018
10607030
10607031
10607033
10607034
10608008
10608009
10608010
10608001
10610004
10610005
10610006
10610007
10610008
10610009
10610010
10610011
10610012
10610013
10610014
10610015
10610016
10610019
10610020
10610021
10610022
10610023
10610024
10610025
10610026
10610027
10610501
10610503
10610504
10610505
10610506
10610507
10610508
10610509
10611001
10611002
10611003
10611004
10611006
10611007
